experiment.all

EXPERIMENT: m=all, pop=10, iter=10

> results <- experiment.all()
> results
...
$population
           [,1]
 [1,] 0.1746114
 [2,] 0.2444518
 [3,] 0.1746114
 [4,] 0.2444518
 [5,] 0.2444518
 [6,] 0.8077700
 [7,] 0.3729061
 [8,] 0.1746114
 [9,] 0.2444518
[10,] 0.2444518

$evaluations
 [1]  211755  292957  653463  764659 1323147 4638079 2564029  925685
 [9] 1307289  502093

$best
 [1] 915195 915195 451609 292957 292957 211755 211755 211755 211755
[10] 211755

$mean
 [1] 3597696 3742630 2573432 2040543 1837445 1451345 1612793 1293967
 [9] 1161453 1318316

> plot.rbga(results)
> plot.rbga(results, type="vars")


EXPERIMENT: m=finite, pop=10, iter=10

> experiment.memory()
$population
           [,1]      [,2]
 [1,] 0.2186994 1015.6999
 [2,] 0.2186994 1015.6999
 [3,] 0.2186994 1015.6999
 [4,] 0.2186994 1015.6999
 [5,] 0.2186994 1015.6999
 [6,] 0.2186994 1015.6999
 [7,] 0.2186994 2723.8948
 [8,] 0.2186994 1015.6999
 [9,] 0.2186994  874.9687
[10,] 0.2186994 1015.6999

$evaluations
 [1]   69021   69021  901103  901103  789013  659861 1398479   69021
 [9] 1155319 1179045

$best
 [1] 1328581  108671  108671  108671  108671  108671   69021   69021
 [9]   69021   69021

$mean
 [1] 5831181.7 5244037.5 2339240.6 2324874.6 2374187.6 1907012.4
 [7] 1241372.6  435218.4  743235.8  719098.6
 

EXPERIMENT: m=finite, pop=100, iter=50

$population
             [,1]      [,2]
  [1,] 0.22615007 2234.6009
  [2,] 0.18800156 3273.6604
  [3,] 0.16690683 2678.5847
  [4,] 0.16690683 2678.5847
  [5,] 0.22032538 2830.0774
  [6,] 0.22032538 4095.4330
  [7,] 0.22032538 4095.4330
  [8,] 0.22032538 4095.4330
  [9,] 0.22032538 4095.4330
 [10,] 0.22032538 4095.4330
 [11,] 0.22032538 4095.4330
 [12,] 0.22032538 4095.4330
 [13,] 0.22032538 4095.4330
 [14,] 0.22032538 4095.4330
 [15,] 0.22032538 4095.4330
 [16,] 0.22032538 4095.4330
 [17,] 0.22032538 4095.4330
 [18,] 0.22032538 4095.4330
 [19,] 0.22032538 4095.4330
 [20,] 0.22032538 4095.4330
 [21,] 0.22032538 2234.6009
 [22,] 0.52615007 1670.9255
 [23,] 0.19921201 2234.6009
 [24,] 0.22032538  770.7305
 [25,] 0.22615007 2234.6009
 [26,] 0.22032538 4598.1660
 [27,] 0.23870328 1670.9255
 [28,] 0.22032538 2678.5847
 [29,] 0.22032538 2830.0774
 [30,] 0.27880222 4095.4330
 [31,] 0.19921201 3273.6604
 [32,] 0.22032538 4095.4330
 [33,] 0.18800156 2234.6009
 [34,] 0.16690683 4095.4330
 [35,] 0.19921201 2234.6009
 [36,] 0.23042997 4095.4330
 [37,] 0.19921201 2234.6009
 [38,] 0.19921201 2234.6009
 [39,] 0.22032538 4095.4330
 [40,] 0.22032538 2160.5689
 [41,] 0.22615007 1064.5256
 [42,] 0.22032538 4095.4330
 [43,] 0.77672433 4095.4330
 [44,] 0.18800156 1346.7014
 [45,] 0.22032538 2678.5847
 [46,] 0.19921201 1346.7014
 [47,] 0.18800156 2234.6009
 [48,] 0.27880222 2234.6009
 [49,] 0.23042997 2160.5689
 [50,] 0.22032538 4095.4330
 [51,] 0.23042997 4095.4330
 [52,] 0.23870328 1670.9255
 [53,] 0.22615007  172.9697
 [54,] 0.19921201 1346.7014
 [55,] 0.22615007 1064.5256
 [56,] 0.22032538 4095.4330
 [57,] 0.22032538 4095.4330
 [58,] 0.19921201 2234.6009
 [59,] 0.22032538 4095.4330
 [60,] 0.23042997 4095.4330
 [61,] 0.22032538 4095.4330
 [62,] 0.19921201 2234.6009
 [63,] 0.08796534 2234.6009
 [64,] 0.23870328 1670.9255
 [65,] 0.19921201 2234.6009
 [66,] 0.22032538  770.7305
 [67,] 0.19921201 2234.6009
 [68,] 0.19921201 1064.5256
 [69,] 0.23042997 4977.2036
 [70,] 0.19921201 4977.2036
 [71,] 0.08796534 4095.4330
 [72,] 0.22032538 2160.5689
 [73,] 0.22032538 4095.4330
 [74,] 0.27880222 4095.4330
 [75,] 0.23042997 2830.0774
 [76,] 0.19921201 1346.7014
 [77,] 0.23042997 4100.4672
 [78,] 0.18800156 4095.4330
 [79,] 0.23042997 4100.4672
 [80,] 0.23042997 2830.0774
 [81,] 0.22032538 2830.0774
 [82,] 0.58800156 1346.7014
 [83,] 0.22032538 2234.6009
 [84,] 0.08796534 4095.4330
 [85,] 0.16690683 2678.5847
 [86,] 0.19921201 2160.5689
 [87,] 0.19921201 2234.6009
 [88,] 0.18800156 2830.0774
 [89,] 0.19921201 2234.6009
 [90,] 0.22032538 1670.9255
 [91,] 0.22032538 4095.4330
 [92,] 0.22032538 1064.5256
 [93,] 0.22032538 2830.0774
 [94,] 0.22615007 2234.6009
 [95,] 0.19921201 4095.4330
 [96,] 0.22032538 4095.4330
 [97,] 0.22032538 1670.9255
 [98,] 0.22032538 2160.5689
 [99,] 0.19921201 2234.6009
[100,] 0.19921201 2160.5689

$evaluations
  [1]  200707  206131  222743  222743  244457  248711  248711  248711
  [9]  248711  248711  248711  248711  248711  248711  248711  248711
 [17]  248711  248711  248711  248711 1287703 3446105  254361 1037331
 [25]  200707  501527 1255859  255861  244457  938031 2107667 1001723
 [33]  712999  974401  346475  694805  290785  254361  248711  459167
 [41]  778731  248711 4539875  745769  469827 1117197  915679 1345331
 [49]  482893  248711 1177855 1082287  883755  578523  778731  792099
 [57]  913555  254361  248711  991813  248711  254361 6169583  972271
 [65]  346475  505431  254361  942597 1250133  826907 5053703  678323
 [73]  248711 1406337 1637623  578523 1353933 1014443 1353933 1637623
 [81]  520901 3914411 1119253 5053703  222743  968799  254361  727327
 [89]  254361 1101165  248711  751867 1303291  801939 1014043  248711
 [97] 1101165  459167  254361  690313

$best
 [1] 248711 248711 248711 248711 222743 222743 222743 200707 200707
[10] 200707

$mean
 [1] 4716909.5 4405674.5 3606590.5 2460511.5 1758613.6 1855650.9
 [7] 1491788.3 1201449.8 1334479.5  876794.7
 
 